0.0025 0.269916
0.0075 0.275354
0.0125 0.280119
0.0175 0.284443
0.0225 0.289637
0.0275 0.296088
0.0325 0.301262
0.0375 0.307221
0.0425 0.313146
0.0475 0.320656
0.0525 0.32598
0.0575 0.331683
0.0625 0.338867
0.0675 0.346087
0.0725 0.352529
0.0775 0.359038
0.0825 0.365639
0.0875 0.371508
0.0925 0.377983
0.0975 0.383471
0.1025 0.38992
0.1075 0.398253
0.1125 0.406399
0.1175 0.414516
0.1225 0.421126
0.1275 0.429617
0.1325 0.438759
0.1375 0.44648
0.1425 0.454793
0.1475 0.464421
0.1525 0.473555
0.1575 0.480075
0.1625 0.488381
0.1675 0.496834
0.1725 0.505885
0.1775 0.516467
0.1825 0.525355
0.1875 0.537397
0.1925 0.548635
0.1975 0.559842
0.2025 0.571846
0.2075 0.584885
0.2125 0.598935
0.2175 0.612372
0.2225 0.624854
0.2275 0.635844
0.2325 0.648129
0.2375 0.659813
0.2425 0.672379
0.2475 0.687853
0.2525 0.707797
0.2575 0.730898
0.2625 0.752293
0.2675 0.774608
0.2725 0.795373
0.2775 0.819136
0.2825 0.84098
0.2875 0.863769
0.2925 0.890375
0.2975 0.915419
0.3025 0.940984
0.3075 0.967606
0.3125 0.997898
0.3175 1.02639
0.3225 1.04867
0.3275 1.0803
0.3325 1.11408
0.3375 1.14204
0.3425 1.17145
0.3475 1.20025
0.3525 1.22796
0.3575 1.26244
0.3625 1.29874
0.3675 1.3349
0.3725 1.37317
0.3775 1.40726
0.3825 1.44622
0.3875 1.49298
0.3925 1.5354
0.3975 1.58224
0.4025 1.63341
0.4075 1.68735
0.4125 1.7329
0.4175 1.78352
0.4225 1.83809
0.4275 1.89315
0.4325 1.95374
0.4375 2.01459
0.4425 2.07993
0.4475 2.14737
0.4525 2.22079
0.4575 2.30046
0.4625 2.38216
0.4675 2.46693
0.4725 2.5594
0.4775 2.66682
0.4825 2.77383
0.4875 2.87333
0.4925 2.99329
0.4975 3.12269
0.5025 3.08342
0.5075 2.95015
0.5125 2.83838
0.5175 2.73464
0.5225 2.63055
0.5275 2.54759
0.5325 2.45586
0.5375 2.36896
0.5425 2.28239
0.5475 2.20378
0.5525 2.12566
0.5575 2.05616
0.5625 2.00003
0.5675 1.94175
0.5725 1.8938
0.5775 1.84608
0.5825 1.79728
0.5875 1.74665
0.5925 1.68835
0.5975 1.6328
0.6025 1.5806
0.6075 1.53447
0.6125 1.49022
0.6175 1.43937
0.6225 1.39638
0.6275 1.36179
0.6325 1.32486
0.6375 1.28917
0.6425 1.25446
0.6475 1.22397
0.6525 1.19305
0.6575 1.15651
0.6625 1.12496
0.6675 1.10206
0.6725 1.07264
0.6775 1.04696
0.6825 1.02546
0.6875 1.00164
0.6925 0.973314
0.6975 0.947664
0.7025 0.921628
0.7075 0.898339
0.7125 0.877111
0.7175 0.85463
0.7225 0.830751
0.7275 0.805845
0.7325 0.786638
0.7375 0.765105
0.7425 0.743045
0.7475 0.720615
0.7525 0.701735
0.7575 0.688008
0.7625 0.674131
0.7675 0.658569
0.7725 0.646284
0.7775 0.63467
0.7825 0.621061
0.7875 0.60778
0.7925 0.596057
0.7975 0.584038
0.8025 0.572456
0.8075 0.559532
0.8125 0.547334
0.8175 0.53721
0.8225 0.526321
0.8275 0.514166
0.8325 0.503084
0.8375 0.494378
0.8425 0.483353
0.8475 0.474659
0.8525 0.465214
0.8575 0.456412
0.8625 0.446749
0.8675 0.438311
0.8725 0.429203
0.8775 0.420542
0.8825 0.413381
0.8875 0.405065
0.8925 0.397444
0.8975 0.390253
0.9025 0.384046
0.9075 0.378833
0.9125 0.37228
0.9175 0.363954
0.9225 0.357331
0.9275 0.351955
0.9325 0.345302
0.9375 0.338206
0.9425 0.332217
0.9475 0.325799
0.9525 0.319906
0.9575 0.313172
0.9625 0.3074
0.9675 0.30138
0.9725 0.296572
0.9775 0.291641
0.9825 0.286902
0.9875 0.281744
0.9925 0.275702
0.9975 0.271082
