0.0025 0.0402185
0.0075 0.0453713
0.0125 0.0511746
0.0175 0.0569636
0.0225 0.0629775
0.0275 0.0695129
0.0325 0.0757733
0.0375 0.0820226
0.0425 0.0880555
0.0475 0.0940747
0.0525 0.0998198
0.0575 0.106552
0.0625 0.113292
0.0675 0.11956
0.0725 0.125892
0.0775 0.133065
0.0825 0.139466
0.0875 0.146061
0.0925 0.153748
0.0975 0.16052
0.1025 0.167334
0.1075 0.174416
0.1125 0.182247
0.1175 0.18967
0.1225 0.198072
0.1275 0.206114
0.1325 0.215092
0.1375 0.222606
0.1425 0.230755
0.1475 0.239651
0.1525 0.248672
0.1575 0.258409
0.1625 0.267439
0.1675 0.276529
0.1725 0.285927
0.1775 0.295997
0.1825 0.305512
0.1875 0.316713
0.1925 0.328329
0.1975 0.339714
0.2025 0.352479
0.2075 0.364397
0.2125 0.376006
0.2175 0.388732
0.2225 0.401572
0.2275 0.414082
0.2325 0.428094
0.2375 0.442452
0.2425 0.457287
0.2475 0.473222
0.2525 0.488287
0.2575 0.504223
0.2625 0.520433
0.2675 0.538447
0.2725 0.555683
0.2775 0.574779
0.2825 0.596429
0.2875 0.619145
0.2925 0.636079
0.2975 0.656947
0.3025 0.677239
0.3075 0.699791
0.3125 0.725312
0.3175 0.749077
0.3225 0.774808
0.3275 0.800941
0.3325 0.830803
0.3375 0.861988
0.3425 0.891546
0.3475 0.925261
0.3525 0.962081
0.3575 1.00046
0.3625 1.03804
0.3675 1.07706
0.3725 1.11977
0.3775 1.16503
0.3825 1.21203
0.3875 1.2597
0.3925 1.31795
0.3975 1.37736
0.4025 1.44339
0.4075 1.51225
0.4125 1.58903
0.4175 1.67435
0.4225 1.76905
0.4275 1.87596
0.4325 1.98895
0.4375 2.10332
0.4425 2.2302
0.4475 2.40836
0.4525 2.60589
0.4575 2.82464
0.4625 3.08076
0.4675 3.39989
0.4725 3.78323
0.4775 4.25144
0.4825 4.84723
0.4875 5.68175
0.4925 6.85105
0.4975 8.79147
0.5025 8.7264
0.5075 6.82148
0.5125 5.6205
0.5175 4.77308
0.5225 4.16606
0.5275 3.71455
0.5325 3.32517
0.5375 3.02496
0.5425 2.79204
0.5475 2.58659
0.5525 2.39506
0.5575 2.21747
0.5625 2.07884
0.5675 1.95451
0.5725 1.83634
0.5775 1.73098
0.5825 1.63857
0.5875 1.55565
0.5925 1.47827
0.5975 1.4079
0.6025 1.3455
0.6075 1.28333
0.6125 1.22487
0.6175 1.18049
0.6225 1.13488
0.6275 1.09006
0.6325 1.04909
0.6375 1.00674
0.6425 0.9706
0.6475 0.935461
0.6525 0.900788
0.6575 0.870323
0.6625 0.841487
0.6675 0.812722
0.6725 0.783004
0.6775 0.759169
0.6825 0.733547
0.6875 0.710097
0.6925 0.68674
0.6975 0.66131
0.7025 0.640133
0.7075 0.619541
0.7125 0.59936
0.7175 0.578217
0.7225 0.557611
0.7275 0.538901
0.7325 0.520748
0.7375 0.504805
0.7425 0.490885
0.7475 0.475063
0.7525 0.460417
0.7575 0.445173
0.7625 0.430952
0.7675 0.416833
0.7725 0.402541
0.7775 0.389432
0.7825 0.37632
0.7875 0.364093
0.7925 0.351966
0.7975 0.339811
0.8025 0.327356
0.8075 0.317242
0.8125 0.307071
0.8175 0.297429
0.8225 0.288067
0.8275 0.278068
0.8325 0.26927
0.8375 0.260457
0.8425 0.251909
0.8475 0.242583
0.8525 0.233952
0.8575 0.226115
0.8625 0.217606
0.8675 0.209502
0.8725 0.201779
0.8775 0.194822
0.8825 0.187753
0.8875 0.180473
0.8925 0.172599
0.8975 0.16596
0.9025 0.159689
0.9075 0.152794
0.9125 0.145778
0.9175 0.139261
0.9225 0.132144
0.9275 0.125199
0.9325 0.11881
0.9375 0.112236
0.9425 0.105945
0.9475 0.0996685
0.9525 0.0939188
0.9575 0.0881128
0.9625 0.0823222
0.9675 0.0763244
0.9725 0.0700573
0.9775 0.0636258
0.9825 0.0578827
0.9875 0.0517051
0.9925 0.0459507
0.9975 0.0405525
