1 0
2 0.849332
3 1.43051
4 1.9021
5 2.3144
6 2.69342
7 3.05245
8 3.39326
9 3.72736
10 4.05317
11 4.37124
12 4.69012
13 5.00491
14 5.3141
15 5.62605
16 5.93703
17 6.24333
18 6.55228
19 6.86095
20 7.1675
21 7.47894
22 7.78608
23 8.09711
24 8.40091
25 8.70492
26 9.01217
27 9.31505
28 9.6204
29 9.92657
30 10.2317
31 10.5407
32 10.854
33 11.1594
34 11.4668
35 11.772
36 12.0807
37 12.3868
38 12.6968
39 13.0054
40 13.3107
41 13.6183
42 13.9223
43 14.2291
44 14.5367
45 14.8445
46 15.1534
47 15.4592
48 15.7666
49 16.0732
50 16.3809
51 16.6882
52 16.9935
53 17.3047
