0.507568 0
0.507572 5493.31
0.507575 5480.86
0.507579 5463.27
0.507582 5429.64
0.507585 5428.63
0.507589 5402.71
0.507592 5377.42
0.507596 5350.17
0.507599 5339.7
0.507603 5287.92
0.507606 5272.14
0.507609 5240.76
0.507613 5220.51
0.507616 5215.38
0.50762 5194.08
0.507623 5186.86
0.507626 5171.17
0.50763 5154.37
0.507633 5147.82
0.507637 5130.58
0.50764 5108.92
0.507643 5093.13
0.507647 5066.58
0.50765 5037.9
0.507654 5007.55
0.507657 4990.38
0.50766 4964.2
0.507664 4946.02
0.507667 4929.43
0.507671 4921.02
0.507674 4908.08
0.507678 4870.72
0.507681 4845.92
0.507684 4844.62
0.507688 4826.59
0.507691 4804.14
0.507695 4777.47
0.507698 4776.7
0.507701 4761.25
0.507705 4740.92
0.507708 4725.99
0.507712 4712.02
0.507715 4713.07
0.507718 4700.28
0.507722 4693.89
0.507725 4688.75
0.507729 4679.19
0.507732 4668.4
0.507736 4656.39
0.507739 4648.25
0.507742 4652.49
0.507746 4644.96
0.507749 4653.86
0.507753 4665.33
0.507756 4662.51
0.507759 4654.31
0.507763 4633.46
0.507766 4622.15
0.50777 4623.85
0.507773 4616.82
0.507776 4616.15
0.50778 4609.42
0.507783 4602.42
0.507787 4583.5
0.50779 4575.67
0.507793 4569.13
0.507797 4559.54
0.5078 4558.69
0.507804 4567.98
0.507807 4578.67
0.507811 4567.52
0.507814 4551.22
0.507817 4545.62
0.507821 4544.07
0.507824 4544.89
0.507828 4535.31
0.507831 4542.75
0.507834 4543.06
0.507838 4550.55
0.507841 4543.58
0.507845 4540.59
0.507848 4547.17
0.507851 4527.31
0.507855 4534.76
0.507858 4534.97
0.507862 4535.43
0.507865 4550.59
0.507868 4547.24
0.507872 4563.21
0.507875 4568.11
0.507879 4563.75
0.507882 4578.32
0.507886 4588.45
0.507889 4585.52
0.507892 4570.4
0.507896 4569.64
0.507899 4584.73
0.507903 4587.29
0.507906 4591.65
0.507909 4600.57
0.507913 4602.4
0.507916 4607.19
0.50792 4602.72
0.507923 4600
0.507926 4608.81
0.50793 4606.63
0.507933 4609.96
0.507937 4600.25
0.50794 4614.97
0.507943 4606.98
0.507947 4636.62
0.50795 4662.28
0.507954 4651.83
0.507957 4654.42
0.507961 4664.81
0.507964 4673.64
0.507967 4701.95
0.507971 4711.12
0.507974 4719.03
0.507978 4747.32
0.507981 4753.98
0.507984 4771.18
0.507988 4779.88
0.507991 4786.88
0.507995 4801.66
0.507998 4820.47
0.508001 4837.36
0.508005 4853.89
0.508008 4874.07
0.508012 4882.99
0.508015 4900.12
0.508018 4914.8
0.508022 4926.21
0.508025 4937.85
0.508029 4954.48
0.508032 4962.04
0.508036 4971.63
0.508039 4981.97
0.508042 5004.99
0.508046 5028.75
0.508049 5041.58
0.508053 5052.92
0.508056 5077.04
0.508059 5110.44
0.508063 5124.44
0.508066 5155.06
0.50807 5176.62
0.508073 5181.07
0.508076 5193.69
0.50808 5211.07
0.508083 5254.77
0.508087 5260.61
0.50809 5280.46
0.508093 5293.36
0.508097 5317.08
0.5081 5335.28
0.508104 5360.29
0.508107 5379.32
0.508111 0
