0.951927 0
0.951937 7125
0.951946 6627
0.951956 6619
0.951965 6619
0.951975 6825
0.951984 6841
0.951994 6921
0.952003 2844
0.952013 920
0.952022 920
0.952032 920
0.952042 920
0.952051 920
0.952061 920
0.95207 920
0.95208 922
0.952089 922
0.952099 866
0.952108 866
0.952118 866
0.952127 866
0.952137 2230
0.952147 2230
0.952156 2230
0.952166 2230
0.952175 2230
0.952185 2230
0.952194 2230
0.952204 2228
0.952213 2220
0.952223 2220
0.952232 2628
0.952242 2628
0.952252 2628
0.952261 2454
0.952271 2454
0.95228 2426
0.95229 2426
0.952299 0
