0.0025 1.11991
0.0075 1.11719
0.0125 1.11434
0.0175 1.11025
0.0225 1.10638
0.0275 1.1026
0.0325 1.09733
0.0375 1.09163
0.0425 1.08754
0.0475 1.08531
0.0525 1.08362
0.0575 1.08008
0.0625 1.07568
0.0675 1.07366
0.0725 1.07028
0.0775 1.06707
0.0825 1.06371
0.0875 1.0628
0.0925 1.05921
0.0975 1.05535
0.1025 1.05257
0.1075 1.04934
0.1125 1.04455
0.1175 1.04203
0.1225 1.04047
0.1275 1.03518
0.1325 1.03109
0.1375 1.027
0.1425 1.02347
0.1475 1.02047
0.1525 1.01638
0.1575 1.01389
0.1625 1.01101
0.1675 1.00847
0.1725 1.00293
0.1775 0.99918
0.1825 0.998151
0.1875 0.997202
0.1925 0.99493
0.1975 0.993692
0.2025 0.992598
0.2075 0.989164
0.2125 0.987649
0.2175 0.98627
0.2225 0.983278
0.2275 0.98006
0.2325 0.978343
0.2375 0.977749
0.2425 0.977805
0.2475 0.977422
0.2525 0.976621
0.2575 0.974242
0.2625 0.974131
0.2675 0.974183
0.2725 0.972877
0.2775 0.971343
0.2825 0.969573
0.2875 0.967575
0.2925 0.966351
0.2975 0.965883
0.3025 0.964935
0.3075 0.964318
0.3125 0.963155
0.3175 0.960949
0.3225 0.96192
0.3275 0.961722
0.3325 0.96125
0.3375 0.960619
0.3425 0.960554
0.3475 0.961662
0.3525 0.961129
0.3575 0.960767
0.3625 0.958967
0.3675 0.958289
0.3725 0.956978
0.3775 0.953494
0.3825 0.951578
0.3875 0.9504
0.3925 0.949402
0.3975 0.949691
0.4025 0.949747
0.4075 0.949135
0.4125 0.950083
0.4175 0.951343
0.4225 0.951597
0.4275 0.951726
0.4325 0.950406
0.4375 0.949703
0.4425 0.948155
0.4475 0.946505
0.4525 0.946161
0.4575 0.946787
0.4625 0.945841
0.4675 0.945477
0.4725 0.94493
0.4775 0.944791
0.4825 0.946251
0.4875 0.947972
0.4925 0.947759
0.4975 0.947375
0.5025 0.946937
0.5075 0.944549
0.5125 0.9423
0.5175 0.942373
0.5225 0.943938
0.5275 0.94337
0.5325 0.942853
0.5375 0.942213
0.5425 0.942689
0.5475 0.943615
0.5525 0.943694
0.5575 0.942429
0.5625 0.942208
0.5675 0.94024
0.5725 0.939321
0.5775 0.941726
0.5825 0.941921
0.5875 0.94061
0.5925 0.939372
0.5975 0.940044
0.6025 0.941392
0.6075 0.943883
0.6125 0.94511
0.6175 0.94653
0.6225 0.948132
0.6275 0.95254
0.6325 0.954091
0.6375 0.954603
0.6425 0.95474
0.6475 0.956606
0.6525 0.958134
0.6575 0.958679
0.6625 0.959293
0.6675 0.960488
0.6725 0.961575
0.6775 0.963975
0.6825 0.967732
0.6875 0.970751
0.6925 0.97328
0.6975 0.977263
0.7025 0.978951
0.7075 0.980434
0.7125 0.981725
0.7175 0.981418
0.7225 0.982931
0.7275 0.985484
0.7325 0.988893
0.7375 0.989389
0.7425 0.989966
0.7475 0.990129
0.7525 0.991144
0.7575 0.992565
0.7625 0.994835
0.7675 0.999011
0.7725 1.00102
0.7775 1.00263
0.7825 1.00174
0.7875 1.00342
0.7925 1.00456
0.7975 1.00703
0.8025 1.00687
0.8075 1.00737
0.8125 1.00978
0.8175 1.01032
0.8225 1.01341
0.8275 1.01492
0.8325 1.01685
0.8375 1.0187
0.8425 1.01995
0.8475 1.02164
0.8525 1.02498
0.8575 1.02858
0.8625 1.03156
0.8675 1.03362
0.8725 1.03662
0.8775 1.03921
0.8825 1.04196
0.8875 1.04605
0.8925 1.05074
0.8975 1.05431
0.9025 1.05792
0.9075 1.06098
0.9125 1.06441
0.9175 1.06896
0.9225 1.07278
0.9275 1.07673
0.9325 1.0795
0.9375 1.08294
0.9425 1.08727
0.9475 1.09105
0.9525 1.09412
0.9575 1.09709
0.9625 1.10084
0.9675 1.10319
0.9725 1.10671
0.9775 1.10931
0.9825 1.112
0.9875 1.11544
0.9925 1.12198
0.9975 1.12426
