0.0025 1.10074
0.0075 1.09759
0.0125 1.09287
0.0175 1.09026
0.0225 1.08919
0.0275 1.08492
0.0325 1.08132
0.0375 1.07786
0.0425 1.07346
0.0475 1.0699
0.0525 1.06705
0.0575 1.0648
0.0625 1.06379
0.0675 1.06123
0.0725 1.06001
0.0775 1.06042
0.0825 1.05822
0.0875 1.05597
0.0925 1.05432
0.0975 1.05539
0.1025 1.05216
0.1075 1.05079
0.1125 1.04906
0.1175 1.04689
0.1225 1.04503
0.1275 1.03638
0.1325 1.03098
0.1375 1.0286
0.1425 1.02252
0.1475 1.01793
0.1525 1.01301
0.1575 1.0098
0.1625 1.00967
0.1675 1.00605
0.1725 1.00335
0.1775 0.99849
0.1825 0.996561
0.1875 0.992626
0.1925 0.989428
0.1975 0.986442
0.2025 0.988344
0.2075 0.986639
0.2125 0.983433
0.2175 0.979785
0.2225 0.979006
0.2275 0.978087
0.2325 0.976542
0.2375 0.97466
0.2425 0.972666
0.2475 0.967647
0.2525 0.966304
0.2575 0.964515
0.2625 0.961638
0.2675 0.961441
0.2725 0.961166
0.2775 0.961166
0.2825 0.960322
0.2875 0.959126
0.2925 0.958543
0.2975 0.955694
0.3025 0.953567
0.3075 0.951919
0.3125 0.95134
0.3175 0.950489
0.3225 0.949787
0.3275 0.948553
0.3325 0.947553
0.3375 0.949149
0.3425 0.947819
0.3475 0.946683
0.3525 0.943526
0.3575 0.944124
0.3625 0.94226
0.3675 0.941363
0.3725 0.938378
0.3775 0.930894
0.3825 0.927199
0.3875 0.926468
0.3925 0.93048
0.3975 0.929846
0.4025 0.931397
0.4075 0.934012
0.4125 0.935569
0.4175 0.938197
0.4225 0.938139
0.4275 0.936104
0.4325 0.934406
0.4375 0.933214
0.4425 0.934061
0.4475 0.936953
0.4525 0.935498
0.4575 0.93494
0.4625 0.934515
0.4675 0.934053
0.4725 0.93211
0.4775 0.935715
0.4825 0.936091
0.4875 0.937175
0.4925 0.937465
0.4975 0.936022
0.5025 0.93692
0.5075 0.938345
0.5125 0.938034
0.5175 0.937059
0.5225 0.935014
0.5275 0.936665
0.5325 0.938467
0.5375 0.938768
0.5425 0.938856
0.5475 0.938168
0.5525 0.939174
0.5575 0.939929
0.5625 0.940589
0.5675 0.944149
0.5725 0.945882
0.5775 0.946705
0.5825 0.946298
0.5875 0.951151
0.5925 0.951694
0.5975 0.953537
0.6025 0.953987
0.6075 0.954819
0.6125 0.955478
0.6175 0.958723
0.6225 0.959401
0.6275 0.960942
0.6325 0.962447
0.6375 0.963419
0.6425 0.963941
0.6475 0.966592
0.6525 0.969866
0.6575 0.971193
0.6625 0.970876
0.6675 0.971769
0.6725 0.976511
0.6775 0.984835
0.6825 0.986093
0.6875 0.98521
0.6925 0.985449
0.6975 0.987424
0.7025 0.989936
0.7075 0.991424
0.7125 0.994703
0.7175 0.997975
0.7225 0.998397
0.7275 1.00378
0.7325 1.00384
0.7375 1.00554
0.7425 1.00865
0.7475 1.00997
0.7525 1.0122
0.7575 1.01299
0.7625 1.01274
0.7675 1.01497
0.7725 1.0147
0.7775 1.01416
0.7825 1.01499
0.7875 1.01761
0.7925 1.02069
0.7975 1.02152
0.8025 1.01911
0.8075 1.0183
0.8125 1.02296
0.8175 1.02706
0.8225 1.02855
0.8275 1.03061
0.8325 1.03334
0.8375 1.03456
0.8425 1.03568
0.8475 1.03957
0.8525 1.04288
0.8575 1.04616
0.8625 1.04899
0.8675 1.05431
0.8725 1.0565
0.8775 1.0605
0.8825 1.06211
0.8875 1.0699
0.8925 1.07056
0.8975 1.0708
0.9025 1.07315
0.9075 1.07564
0.9125 1.07803
0.9175 1.07679
0.9225 1.07711
0.9275 1.07952
0.9325 1.08669
0.9375 1.09039
0.9425 1.0908
0.9475 1.09488
0.9525 1.09836
0.9575 1.1024
0.9625 1.10576
0.9675 1.10731
0.9725 1.11202
0.9775 1.11385
0.9825 1.11783
0.9875 1.11948
0.9925 1.11992
0.9975 1.12361
