0.0025 1.10381
0.0075 1.09916
0.0125 1.09562
0.0175 1.09269
0.0225 1.08933
0.0275 1.08599
0.0325 1.08198
0.0375 1.07878
0.0425 1.07683
0.0475 1.07321
0.0525 1.07166
0.0575 1.06819
0.0625 1.06578
0.0675 1.06429
0.0725 1.06363
0.0775 1.06037
0.0825 1.0574
0.0875 1.05406
0.0925 1.05024
0.0975 1.04802
0.1025 1.0467
0.1075 1.04417
0.1125 1.04028
0.1175 1.03543
0.1225 1.03403
0.1275 1.03116
0.1325 1.0276
0.1375 1.02454
0.1425 1.02175
0.1475 1.01864
0.1525 1.01592
0.1575 1.01364
0.1625 1.01167
0.1675 1.00842
0.1725 1.00544
0.1775 1.00298
0.1825 1.00205
0.1875 1.00096
0.1925 0.998763
0.1975 0.997589
0.2025 0.994033
0.2075 0.989859
0.2125 0.988256
0.2175 0.987101
0.2225 0.988246
0.2275 0.988764
0.2325 0.985264
0.2375 0.981699
0.2425 0.979365
0.2475 0.977148
0.2525 0.974983
0.2575 0.972967
0.2625 0.974354
0.2675 0.973695
0.2725 0.972551
0.2775 0.970204
0.2825 0.96932
0.2875 0.969336
0.2925 0.968866
0.2975 0.967656
0.3025 0.967431
0.3075 0.966821
0.3125 0.964227
0.3175 0.962515
0.3225 0.961304
0.3275 0.961503
0.3325 0.961485
0.3375 0.959593
0.3425 0.958191
0.3475 0.956346
0.3525 0.95643
0.3575 0.954867
0.3625 0.954018
0.3675 0.954465
0.3725 0.954291
0.3775 0.953146
0.3825 0.952747
0.3875 0.952933
0.3925 0.953345
0.3975 0.954128
0.4025 0.953318
0.4075 0.953575
0.4125 0.95153
0.4175 0.954153
0.4225 0.955107
0.4275 0.956892
0.4325 0.957489
0.4375 0.955238
0.4425 0.954184
0.4475 0.954913
0.4525 0.955862
0.4575 0.95693
0.4625 0.957142
0.4675 0.956809
0.4725 0.957656
0.4775 0.957917
0.4825 0.958242
0.4875 0.956109
0.4925 0.95457
0.4975 0.952655
0.5025 0.952142
0.5075 0.954471
0.5125 0.955608
0.5175 0.955122
0.5225 0.955888
0.5275 0.956108
0.5325 0.953186
0.5375 0.953406
0.5425 0.955719
0.5475 0.955897
0.5525 0.953713
0.5575 0.952639
0.5625 0.952482
0.5675 0.952926
0.5725 0.952963
0.5775 0.953621
0.5825 0.955122
0.5875 0.954842
0.5925 0.955678
0.5975 0.956289
0.6025 0.957076
0.6075 0.957742
0.6125 0.958758
0.6175 0.959151
0.6225 0.958632
0.6275 0.959522
0.6325 0.959476
0.6375 0.95953
0.6425 0.958001
0.6475 0.957147
0.6525 0.957492
0.6575 0.958933
0.6625 0.958459
0.6675 0.95831
0.6725 0.959249
0.6775 0.961992
0.6825 0.96415
0.6875 0.965405
0.6925 0.967148
0.6975 0.969056
0.7025 0.969253
0.7075 0.967587
0.7125 0.970724
0.7175 0.973986
0.7225 0.974674
0.7275 0.975508
0.7325 0.976413
0.7375 0.977492
0.7425 0.977124
0.7475 0.977531
0.7525 0.979329
0.7575 0.981721
0.7625 0.982799
0.7675 0.987089
0.7725 0.988936
0.7775 0.991089
0.7825 0.993729
0.7875 0.995788
0.7925 0.99956
0.7975 1.00299
0.8025 1.00591
0.8075 1.00925
0.8125 1.01393
0.8175 1.01495
0.8225 1.01618
0.8275 1.01734
0.8325 1.02044
0.8375 1.02294
0.8425 1.02454
0.8475 1.0262
0.8525 1.02791
0.8575 1.02862
0.8625 1.02968
0.8675 1.03181
0.8725 1.03498
0.8775 1.03956
0.8825 1.04166
0.8875 1.04543
0.8925 1.05108
0.8975 1.05528
0.9025 1.05786
0.9075 1.06005
0.9125 1.06305
0.9175 1.06679
0.9225 1.06944
0.9275 1.07249
0.9325 1.07436
0.9375 1.07759
0.9425 1.08111
0.9475 1.08639
0.9525 1.08939
0.9575 1.09219
0.9625 1.09823
0.9675 1.10417
0.9725 1.10689
0.9775 1.11046
0.9825 1.11562
0.9875 1.11979
0.9925 1.12458
0.9975 1.12897
