0.0025 1.13904
0.0075 1.13466
0.0125 1.13152
0.0175 1.12432
0.0225 1.12233
0.0275 1.11766
0.0325 1.1143
0.0375 1.1109
0.0425 1.10646
0.0475 1.10273
0.0525 1.09808
0.0575 1.09446
0.0625 1.08934
0.0675 1.08408
0.0725 1.07843
0.0775 1.07226
0.0825 1.06878
0.0875 1.0648
0.0925 1.06132
0.0975 1.05719
0.1025 1.0526
0.1075 1.04947
0.1125 1.04296
0.1175 1.03915
0.1225 1.03524
0.1275 1.0349
0.1325 1.03256
0.1375 1.03238
0.1425 1.02887
0.1475 1.02539
0.1525 1.02415
0.1575 1.02115
0.1625 1.01685
0.1675 1.0148
0.1725 1.0108
0.1775 1.00817
0.1825 1.00493
0.1875 0.999973
0.1925 0.997394
0.1975 0.996659
0.2025 0.996127
0.2075 0.995077
0.2125 0.994051
0.2175 0.991824
0.2225 0.987543
0.2275 0.983761
0.2325 0.979178
0.2375 0.975313
0.2425 0.971543
0.2475 0.973961
0.2525 0.971879
0.2575 0.970235
0.2625 0.967215
0.2675 0.96657
0.2725 0.966423
0.2775 0.963629
0.2825 0.962021
0.2875 0.962469
0.2925 0.962142
0.2975 0.958302
0.3025 0.957789
0.3075 0.954673
0.3125 0.951496
0.3175 0.951188
0.3225 0.949727
0.3275 0.950088
0.3325 0.9471
0.3375 0.946682
0.3425 0.947752
0.3475 0.946966
0.3525 0.942601
0.3575 0.942606
0.3625 0.941088
0.3675 0.938219
0.3725 0.936168
0.3775 0.935268
0.3825 0.934402
0.3875 0.932481
0.3925 0.932088
0.3975 0.934163
0.4025 0.934362
0.4075 0.93104
0.4125 0.929796
0.4175 0.930797
0.4225 0.930226
0.4275 0.92782
0.4325 0.925471
0.4375 0.927114
0.4425 0.925081
0.4475 0.924407
0.4525 0.924187
0.4575 0.924713
0.4625 0.923967
0.4675 0.922762
0.4725 0.923529
0.4775 0.924678
0.4825 0.92596
0.4875 0.92628
0.4925 0.92801
0.4975 0.928686
0.5025 0.929012
0.5075 0.928969
0.5125 0.929708
0.5175 0.929675
0.5225 0.929716
0.5275 0.929076
0.5325 0.927942
0.5375 0.925975
0.5425 0.926576
0.5475 0.926881
0.5525 0.929759
0.5575 0.931557
0.5625 0.932274
0.5675 0.93166
0.5725 0.932668
0.5775 0.933407
0.5825 0.935089
0.5875 0.935782
0.5925 0.937455
0.5975 0.937031
0.6025 0.938196
0.6075 0.941745
0.6125 0.943676
0.6175 0.943694
0.6225 0.944949
0.6275 0.946843
0.6325 0.948972
0.6375 0.951395
0.6425 0.955614
0.6475 0.956428
0.6525 0.958977
0.6575 0.960806
0.6625 0.96335
0.6675 0.969639
0.6725 0.970354
0.6775 0.971679
0.6825 0.972492
0.6875 0.973561
0.6925 0.974724
0.6975 0.975497
0.7025 0.977795
0.7075 0.981734
0.7125 0.986087
0.7175 0.98761
0.7225 0.986794
0.7275 0.987957
0.7325 0.989001
0.7375 0.98905
0.7425 0.985712
0.7475 0.987244
0.7525 0.988973
0.7575 0.99139
0.7625 0.993333
0.7675 0.996206
0.7725 0.999991
0.7775 1.00526
0.7825 1.00864
0.7875 1.01006
0.7925 1.01229
0.7975 1.01488
0.8025 1.01838
0.8075 1.01959
0.8125 1.02094
0.8175 1.02225
0.8225 1.02385
0.8275 1.02682
0.8325 1.02764
0.8375 1.03018
0.8425 1.03486
0.8475 1.03733
0.8525 1.04125
0.8575 1.04417
0.8625 1.04622
0.8675 1.05091
0.8725 1.05594
0.8775 1.05781
0.8825 1.06073
0.8875 1.06477
0.8925 1.06852
0.8975 1.07217
0.9025 1.07584
0.9075 1.07964
0.9125 1.08144
0.9175 1.08302
0.9225 1.08528
0.9275 1.08846
0.9325 1.09158
0.9375 1.09484
0.9425 1.09759
0.9475 1.0997
0.9525 1.10373
0.9575 1.10785
0.9625 1.11343
0.9675 1.1206
0.9725 1.12745
0.9775 1.13287
0.9825 1.13781
0.9875 1.14206
0.9925 1.14442
0.9975 1.15347
