0.00195312 0.29256
0.00585938 0.295572
0.00976562 0.298482
0.0136719 0.302611
0.0175781 0.306102
0.0214844 0.308995
0.0253906 0.312758
0.0292969 0.316702
0.0332031 0.320072
0.0371094 0.323811
0.0410156 0.32749
0.0449219 0.33161
0.0488281 0.33658
0.0527344 0.340907
0.0566406 0.344881
0.0605469 0.348861
0.0644531 0.353186
0.0683594 0.357338
0.0722656 0.361311
0.0761719 0.366029
0.0800781 0.370845
0.0839844 0.376205
0.0878906 0.38131
0.0917969 0.385744
0.0957031 0.390316
0.0996094 0.394732
0.103516 0.399887
0.107422 0.405406
0.111328 0.410852
0.115234 0.415296
0.119141 0.420476
0.123047 0.425787
0.126953 0.430195
0.130859 0.434474
0.134766 0.43995
0.138672 0.445715
0.142578 0.451482
0.146484 0.458419
0.150391 0.464409
0.154297 0.469988
0.158203 0.477181
0.162109 0.48448
0.166016 0.491645
0.169922 0.499652
0.173828 0.5087
0.177734 0.51672
0.181641 0.526156
0.185547 0.536924
0.189453 0.546625
0.193359 0.557463
0.197266 0.567441
0.201172 0.57589
0.205078 0.58661
0.208984 0.599395
0.212891 0.611268
0.216797 0.620019
0.220703 0.628589
0.224609 0.638383
0.228516 0.649278
0.232422 0.660608
0.236328 0.672836
0.240234 0.683831
0.244141 0.695132
0.248047 0.705773
0.251953 0.721048
0.255859 0.740765
0.259766 0.759461
0.263672 0.77688
0.267578 0.795547
0.271484 0.81555
0.275391 0.837022
0.279297 0.855506
0.283203 0.875803
0.287109 0.89321
0.291016 0.911752
0.294922 0.92922
0.298828 0.946805
0.302734 0.96565
0.306641 0.98229
0.310547 0.998092
0.314453 1.01744
0.318359 1.0372
0.322266 1.05649
0.326172 1.0759
0.330078 1.09946
0.333984 1.12188
0.337891 1.14691
0.341797 1.17021
0.345703 1.19417
0.349609 1.21791
0.353516 1.24162
0.357422 1.26536
0.361328 1.29113
0.365234 1.32008
0.369141 1.34733
0.373047 1.37621
0.376953 1.40517
0.380859 1.43072
0.384766 1.46224
0.388672 1.49282
0.392578 1.52577
0.396484 1.55352
0.400391 1.58787
0.404297 1.62506
0.408203 1.66188
0.412109 1.70082
0.416016 1.73517
0.419922 1.77333
0.423828 1.81644
0.427734 1.85471
0.431641 1.90401
0.435547 1.95367
0.439453 2.00019
0.443359 2.04877
0.447266 2.1008
0.451172 2.15756
0.455078 2.21781
0.458984 2.28118
0.462891 2.33864
0.466797 2.40845
0.470703 2.48345
0.474609 2.55304
0.478516 2.63063
0.482422 2.72114
0.486328 2.82004
0.490234 2.92204
0.494141 3.02199
0.498047 3.13064
0.501953 3.12858
0.505859 3.02362
0.509766 2.92308
0.513672 2.82602
0.517578 2.74171
0.521484 2.65577
0.525391 2.57264
0.529297 2.49593
0.533203 2.41884
0.537109 2.35408
0.541016 2.2871
0.544922 2.22433
0.548828 2.16429
0.552734 2.10465
0.556641 2.05205
0.560547 2.00478
0.564453 1.96053
0.568359 1.92046
0.572266 1.87208
0.576172 1.82878
0.580078 1.7875
0.583984 1.74567
0.587891 1.70849
0.591797 1.67112
0.595703 1.6274
0.599609 1.58996
0.603516 1.55362
0.607422 1.52148
0.611328 1.48604
0.615234 1.45494
0.619141 1.42366
0.623047 1.39713
0.626953 1.36738
0.630859 1.33798
0.634766 1.31327
0.638672 1.28433
0.642578 1.26079
0.646484 1.23541
0.650391 1.20821
0.654297 1.18231
0.658203 1.15976
0.662109 1.13789
0.666016 1.11682
0.669922 1.09384
0.673828 1.06964
0.677734 1.05093
0.681641 1.0316
0.685547 1.01129
0.689453 0.991177
0.693359 0.976369
0.697266 0.958825
0.701172 0.938494
0.705078 0.919987
0.708984 0.901438
0.712891 0.884526
0.716797 0.866624
0.720703 0.845948
0.724609 0.826611
0.728516 0.806757
0.732422 0.787966
0.736328 0.76994
0.740234 0.751083
0.744141 0.731896
0.748047 0.713736
0.751953 0.699427
0.755859 0.687055
0.759766 0.676364
0.763672 0.665823
0.767578 0.654761
0.771484 0.644974
0.775391 0.633271
0.779297 0.622151
0.783203 0.612664
0.787109 0.604417
0.791016 0.594234
0.794922 0.581607
0.798828 0.570843
0.802734 0.562306
0.806641 0.55259
0.810547 0.541896
0.814453 0.531487
0.818359 0.521872
0.822266 0.513884
0.826172 0.506296
0.830078 0.497187
0.833984 0.490502
0.837891 0.484303
0.841797 0.477093
0.845703 0.47012
0.849609 0.463967
0.853516 0.459114
0.857422 0.452645
0.861328 0.446144
0.865234 0.440165
0.869141 0.434041
0.873047 0.429598
0.876953 0.424337
0.880859 0.41856
0.884766 0.413299
0.888672 0.407361
0.892578 0.402543
0.896484 0.398231
0.900391 0.394234
0.904297 0.390209
0.908203 0.385795
0.912109 0.381224
0.916016 0.376917
0.919922 0.372384
0.923828 0.3678
0.927734 0.363321
0.931641 0.358632
0.935547 0.355218
0.939453 0.35182
0.943359 0.348002
0.947266 0.344158
0.951172 0.339772
0.955078 0.334703
0.958984 0.33137
0.962891 0.327458
0.966797 0.323725
0.970703 0.319625
0.974609 0.315695
0.978516 0.311435
0.982422 0.307316
0.986328 0.302902
0.990234 0.298997
0.994141 0.296523
0.998047 0.293055
