0.00195312 0.0422374
0.00585938 0.0467122
0.00976562 0.051381
0.0136719 0.0560464
0.0175781 0.0608645
0.0214844 0.0658928
0.0253906 0.0708513
0.0292969 0.0755326
0.0332031 0.0805101
0.0371094 0.0856028
0.0410156 0.0905726
0.0449219 0.0959244
0.0488281 0.100814
0.0527344 0.105475
0.0566406 0.110451
0.0605469 0.115759
0.0644531 0.121151
0.0683594 0.1263
0.0722656 0.131421
0.0761719 0.136532
0.0800781 0.141983
0.0839844 0.147335
0.0878906 0.152356
0.0917969 0.157791
0.0957031 0.16352
0.0996094 0.16878
0.103516 0.174116
0.107422 0.179601
0.111328 0.185466
0.115234 0.191342
0.119141 0.197089
0.123047 0.203004
0.126953 0.209353
0.130859 0.215529
0.134766 0.221705
0.138672 0.228201
0.142578 0.234774
0.146484 0.241444
0.150391 0.248167
0.154297 0.254753
0.158203 0.261519
0.162109 0.268844
0.166016 0.276484
0.169922 0.28335
0.173828 0.290685
0.177734 0.298528
0.181641 0.30636
0.185547 0.314183
0.189453 0.322913
0.193359 0.332261
0.197266 0.340877
0.201172 0.349857
0.205078 0.358936
0.208984 0.368215
0.212891 0.377808
0.216797 0.387801
0.220703 0.399884
0.224609 0.410771
0.228516 0.421636
0.232422 0.432747
0.236328 0.444155
0.240234 0.456819
0.244141 0.468864
0.248047 0.480558
0.251953 0.492017
0.255859 0.505603
0.259766 0.519768
0.263672 0.532555
0.267578 0.545184
0.271484 0.559181
0.275391 0.572081
0.279297 0.58732
0.283203 0.603325
0.287109 0.619023
0.291016 0.638093
0.294922 0.654663
0.298828 0.67236
0.302734 0.690509
0.306641 0.708598
0.310547 0.725288
0.314453 0.744886
0.318359 0.764048
0.322266 0.783898
0.326172 0.804727
0.330078 0.826221
0.333984 0.849885
0.337891 0.872503
0.341797 0.897257
0.345703 0.924354
0.349609 0.950044
0.353516 0.975275
0.357422 1.00279
0.361328 1.03113
0.365234 1.06276
0.369141 1.09221
0.373047 1.1214
0.376953 1.15486
0.380859 1.19022
0.384766 1.22569
0.388672 1.26361
0.392578 1.30674
0.396484 1.35008
0.400391 1.39481
0.404297 1.44382
0.408203 1.50413
0.412109 1.5641
0.416016 1.62792
0.419922 1.69293
0.423828 1.76477
0.427734 1.84127
0.431641 1.92217
0.435547 2.009
0.439453 2.10527
0.443359 2.21682
0.447266 2.34253
0.451172 2.47564
0.455078 2.62538
0.458984 2.79342
0.462891 2.99092
0.466797 3.23024
0.470703 3.50012
0.474609 3.80633
0.478516 4.20315
0.482422 4.68219
0.486328 5.30461
0.490234 6.10907
0.494141 7.22998
0.498047 8.94131
0.501953 8.94743
0.505859 7.272
0.509766 6.16121
0.513672 5.32396
0.517578 4.72482
0.521484 4.25809
0.525391 3.8707
0.529297 3.55921
0.533203 3.28779
0.537109 3.04977
0.541016 2.84471
0.544922 2.67499
0.548828 2.51581
0.552734 2.37559
0.556641 2.23835
0.560547 2.13087
0.564453 2.03005
0.568359 1.94239
0.572266 1.86309
0.576172 1.78559
0.580078 1.7133
0.583984 1.64901
0.587891 1.58098
0.591797 1.51932
0.595703 1.46299
0.599609 1.41565
0.603516 1.36672
0.607422 1.31939
0.611328 1.27855
0.615234 1.23885
0.619141 1.19971
0.623047 1.15939
0.626953 1.12264
0.630859 1.09085
0.634766 1.06077
0.638672 1.03319
0.642578 1.00525
0.646484 0.976495
0.650391 0.950885
0.654297 0.925868
0.658203 0.899884
0.662109 0.874836
0.666016 0.851719
0.669922 0.828246
0.673828 0.807722
0.677734 0.787988
0.681641 0.769301
0.685547 0.750983
0.689453 0.731841
0.693359 0.712677
0.697266 0.692621
0.701172 0.673721
0.705078 0.655751
0.708984 0.6399
0.712891 0.621698
0.716797 0.605846
0.720703 0.591845
0.724609 0.577094
0.728516 0.564533
0.732422 0.549759
0.736328 0.536864
0.740234 0.523809
0.744141 0.509667
0.748047 0.496315
0.751953 0.48383
0.755859 0.471088
0.759766 0.459685
0.763672 0.44758
0.767578 0.43678
0.771484 0.425327
0.775391 0.414154
0.779297 0.402872
0.783203 0.390989
0.787109 0.380365
0.791016 0.36975
0.794922 0.360033
0.798828 0.35046
0.802734 0.341884
0.806641 0.332879
0.810547 0.323345
0.814453 0.314502
0.818359 0.306772
0.822266 0.299009
0.826172 0.291071
0.830078 0.283447
0.833984 0.276177
0.837891 0.268591
0.841797 0.26112
0.845703 0.254284
0.849609 0.247114
0.853516 0.240586
0.857422 0.23411
0.861328 0.227713
0.865234 0.22119
0.869141 0.215252
0.873047 0.209148
0.876953 0.203168
0.880859 0.196617
0.884766 0.190745
0.888672 0.184635
0.892578 0.17912
0.896484 0.173416
0.900391 0.167537
0.904297 0.161709
0.908203 0.156137
0.912109 0.150794
0.916016 0.145729
0.919922 0.140409
0.923828 0.135395
0.927734 0.130399
0.931641 0.125134
0.935547 0.119873
0.939453 0.114908
0.943359 0.109737
0.947266 0.104643
0.951172 0.0999343
0.955078 0.0946097
0.958984 0.089187
0.962891 0.0839895
0.966797 0.0789656
0.970703 0.0740304
0.974609 0.0691151
0.978516 0.0644184
0.982422 0.0596267
0.986328 0.0547082
0.990234 0.0501126
0.994141 0.0455665
0.998047 0.0412627
