0.00195312 0.00704111
0.00585938 0.0111046
0.00976562 0.0151936
0.0136719 0.0192184
0.0175781 0.0230338
0.0214844 0.0270032
0.0253906 0.0310658
0.0292969 0.0352131
0.0332031 0.0393267
0.0371094 0.0434269
0.0410156 0.047642
0.0449219 0.0521264
0.0488281 0.0565788
0.0527344 0.0610898
0.0566406 0.0656144
0.0605469 0.0700344
0.0644531 0.0746897
0.0683594 0.0793413
0.0722656 0.0839779
0.0761719 0.0886382
0.0800781 0.09353
0.0839844 0.0981781
0.0878906 0.102993
0.0917969 0.107943
0.0957031 0.113001
0.0996094 0.118187
0.103516 0.123541
0.107422 0.128885
0.111328 0.134288
0.115234 0.139697
0.119141 0.145197
0.123047 0.150933
0.126953 0.156568
0.130859 0.162282
0.134766 0.167897
0.138672 0.173829
0.142578 0.179951
0.146484 0.186325
0.150391 0.192709
0.154297 0.19918
0.158203 0.205664
0.162109 0.212338
0.166016 0.218827
0.169922 0.225702
0.173828 0.232977
0.177734 0.240242
0.181641 0.247753
0.185547 0.255224
0.189453 0.262812
0.193359 0.270665
0.197266 0.278653
0.201172 0.287019
0.205078 0.295523
0.208984 0.304138
0.212891 0.312968
0.216797 0.322992
0.220703 0.332226
0.224609 0.341393
0.228516 0.350769
0.232422 0.360854
0.236328 0.371824
0.240234 0.383793
0.244141 0.393924
0.248047 0.404669
0.251953 0.416289
0.255859 0.428075
0.259766 0.44053
0.263672 0.45366
0.267578 0.467373
0.271484 0.479965
0.275391 0.493442
0.279297 0.507021
0.283203 0.522162
0.287109 0.537769
0.291016 0.553921
0.294922 0.570214
0.298828 0.586031
0.302734 0.6036
0.306641 0.620253
0.310547 0.63779
0.314453 0.655692
0.318359 0.673925
0.322266 0.692561
0.326172 0.712156
0.330078 0.733161
0.333984 0.753511
0.337891 0.774125
0.341797 0.792809
0.345703 0.815692
0.349609 0.838549
0.353516 0.861447
0.357422 0.887237
0.361328 0.91426
0.365234 0.94406
0.369141 0.975363
0.373047 1.00881
0.376953 1.04229
0.380859 1.07448
0.384766 1.10785
0.388672 1.1454
0.392578 1.18263
0.396484 1.22383
0.400391 1.26761
0.404297 1.31216
0.408203 1.35958
0.412109 1.41209
0.416016 1.46738
0.419922 1.52884
0.423828 1.59653
0.427734 1.67486
0.431641 1.7562
0.435547 1.83638
0.439453 1.92563
0.443359 2.03511
0.447266 2.16
0.451172 2.29661
0.455078 2.44221
0.458984 2.61724
0.462891 2.81914
0.466797 3.06431
0.470703 3.33794
0.474609 3.70769
0.478516 4.19808
0.482422 4.83204
0.486328 5.73022
0.490234 7.0897
0.494141 9.68874
0.498047 17.2653
0.501953 17.0108
0.505859 9.46275
0.509766 6.92297
0.513672 5.57633
0.517578 4.7028
0.521484 4.08761
0.525391 3.63347
0.529297 3.28725
0.533203 3.01535
0.537109 2.76598
0.541016 2.55696
0.544922 2.38244
0.548828 2.23814
0.552734 2.09916
0.556641 1.98063
0.560547 1.87551
0.564453 1.78491
0.568359 1.70668
0.572266 1.62923
0.576172 1.55623
0.580078 1.49111
0.583984 1.43008
0.587891 1.37556
0.591797 1.32587
0.595703 1.27987
0.599609 1.23789
0.603516 1.19304
0.607422 1.15297
0.611328 1.11306
0.615234 1.07451
0.619141 1.04116
0.623047 1.00735
0.626953 0.976406
0.630859 0.948829
0.634766 0.918936
0.638672 0.89072
0.642578 0.865858
0.646484 0.841292
0.650391 0.817556
0.654297 0.794896
0.658203 0.772604
0.662109 0.752855
0.666016 0.7328
0.669922 0.711885
0.673828 0.692009
0.677734 0.672998
0.681641 0.655836
0.685547 0.636866
0.689453 0.619121
0.693359 0.603035
0.697266 0.586107
0.701172 0.569331
0.705078 0.554547
0.708984 0.539714
0.712891 0.524806
0.716797 0.510295
0.720703 0.496446
0.724609 0.483926
0.728516 0.471631
0.732422 0.459307
0.736328 0.446324
0.740234 0.433317
0.744141 0.42112
0.748047 0.408366
0.751953 0.39654
0.755859 0.38556
0.759766 0.374635
0.763672 0.363889
0.767578 0.353157
0.771484 0.343374
0.775391 0.333996
0.779297 0.324856
0.783203 0.315795
0.787109 0.306265
0.791016 0.297553
0.794922 0.289185
0.798828 0.281045
0.802734 0.272986
0.806641 0.265214
0.810547 0.25771
0.814453 0.250165
0.818359 0.242783
0.822266 0.235415
0.826172 0.228346
0.830078 0.22165
0.833984 0.214965
0.837891 0.208363
0.841797 0.201829
0.845703 0.195446
0.849609 0.189139
0.853516 0.183115
0.857422 0.177193
0.861328 0.171354
0.865234 0.165615
0.869141 0.159952
0.873047 0.154601
0.876953 0.149218
0.880859 0.143749
0.884766 0.138272
0.888672 0.132791
0.892578 0.127335
0.896484 0.122165
0.900391 0.117135
0.904297 0.112123
0.908203 0.106938
0.912109 0.101873
0.916016 0.0968538
0.919922 0.0922565
0.923828 0.087681
0.927734 0.0829167
0.931641 0.0783641
0.935547 0.073923
0.939453 0.0693959
0.943359 0.0649851
0.947266 0.0604225
0.951172 0.0559371
0.955078 0.0515887
0.958984 0.0473468
0.962891 0.0431628
0.966797 0.0390713
0.970703 0.0348805
0.974609 0.0307706
0.978516 0.026734
0.982422 0.0227547
0.986328 0.0187826
0.990234 0.0148244
0.994141 0.0108689
0.998047 0.00691422
