0.0025 1.11312
0.0075 1.11324
0.0125 1.11193
0.0175 1.11002
0.0225 1.10951
0.0275 1.10518
0.0325 1.0981
0.0375 1.09146
0.0425 1.08802
0.0475 1.08717
0.0525 1.0848
0.0575 1.07968
0.0625 1.07548
0.0675 1.07014
0.0725 1.06583
0.0775 1.06362
0.0825 1.05938
0.0875 1.05498
0.0925 1.05194
0.0975 1.05196
0.1025 1.04886
0.1075 1.04676
0.1125 1.04519
0.1175 1.0437
0.1225 1.04097
0.1275 1.03793
0.1325 1.03351
0.1375 1.03289
0.1425 1.03444
0.1475 1.03358
0.1525 1.03128
0.1575 1.02854
0.1625 1.02674
0.1675 1.02608
0.1725 1.02299
0.1775 1.02157
0.1825 1.01817
0.1875 1.01457
0.1925 1.00743
0.1975 1.00369
0.2025 1.00099
0.2075 0.998767
0.2125 0.999401
0.2175 0.995708
0.2225 0.994674
0.2275 0.993641
0.2325 0.993719
0.2375 0.992923
0.2425 0.994499
0.2475 0.991353
0.2525 0.988214
0.2575 0.985592
0.2625 0.982257
0.2675 0.981514
0.2725 0.981416
0.2775 0.979565
0.2825 0.978793
0.2875 0.979009
0.2925 0.978868
0.2975 0.977041
0.3025 0.975639
0.3075 0.974345
0.3125 0.972148
0.3175 0.969159
0.3225 0.966588
0.3275 0.966412
0.3325 0.96472
0.3375 0.960032
0.3425 0.95742
0.3475 0.956023
0.3525 0.956063
0.3575 0.952513
0.3625 0.949396
0.3675 0.948986
0.3725 0.947914
0.3775 0.94857
0.3825 0.952069
0.3875 0.952368
0.3925 0.951576
0.3975 0.950036
0.4025 0.949232
0.4075 0.94718
0.4125 0.94949
0.4175 0.94699
0.4225 0.943489
0.4275 0.940953
0.4325 0.941493
0.4375 0.941207
0.4425 0.941508
0.4475 0.937803
0.4525 0.936025
0.4575 0.935327
0.4625 0.934389
0.4675 0.93413
0.4725 0.933712
0.4775 0.932219
0.4825 0.932557
0.4875 0.931933
0.4925 0.930696
0.4975 0.928298
0.5025 0.927889
0.5075 0.929573
0.5125 0.930472
0.5175 0.929386
0.5225 0.931607
0.5275 0.933521
0.5325 0.938199
0.5375 0.940586
0.5425 0.940854
0.5475 0.94369
0.5525 0.949983
0.5575 0.950642
0.5625 0.950062
0.5675 0.948931
0.5725 0.947022
0.5775 0.944581
0.5825 0.944133
0.5875 0.946127
0.5925 0.945663
0.5975 0.944856
0.6025 0.94445
0.6075 0.9428
0.6125 0.941717
0.6175 0.941838
0.6225 0.942428
0.6275 0.942734
0.6325 0.945463
0.6375 0.946936
0.6425 0.950607
0.6475 0.951178
0.6525 0.951557
0.6575 0.953069
0.6625 0.955787
0.6675 0.957193
0.6725 0.957495
0.6775 0.960259
0.6825 0.960132
0.6875 0.963395
0.6925 0.966246
0.6975 0.966805
0.7025 0.967191
0.7075 0.969014
0.7125 0.967798
0.7175 0.969994
0.7225 0.974926
0.7275 0.976847
0.7325 0.979809
0.7375 0.984738
0.7425 0.985198
0.7475 0.988198
0.7525 0.990764
0.7575 0.993181
0.7625 0.993644
0.7675 0.992594
0.7725 0.993984
0.7775 0.997244
0.7825 0.997981
0.7875 1.00048
0.7925 1.00227
0.7975 1.00343
0.8025 1.0056
0.8075 1.00922
0.8125 1.00988
0.8175 1.01163
0.8225 1.01253
0.8275 1.01304
0.8325 1.01405
0.8375 1.01483
0.8425 1.01753
0.8475 1.02605
0.8525 1.03117
0.8575 1.0312
0.8625 1.03478
0.8675 1.03631
0.8725 1.03802
0.8775 1.0397
0.8825 1.04049
0.8875 1.0424
0.8925 1.04457
0.8975 1.04267
0.9025 1.04941
0.9075 1.05467
0.9125 1.06096
0.9175 1.06775
0.9225 1.07276
0.9275 1.07997
0.9325 1.08406
0.9375 1.08754
0.9425 1.0964
0.9475 1.09869
0.9525 1.10319
0.9575 1.10799
0.9625 1.11308
0.9675 1.11596
0.9725 1.11724
0.9775 1.11491
0.9825 1.11564
0.9875 1.11697
0.9925 1.12117
0.9975 1.12378
