0.00195312 1.21958
0.00585938 1.21306
0.00976562 1.20655
0.0136719 1.20076
0.0175781 1.19388
0.0214844 1.18982
0.0253906 1.18551
0.0292969 1.18154
0.0332031 1.17687
0.0371094 1.16929
0.0410156 1.16532
0.0449219 1.16137
0.0488281 1.15615
0.0527344 1.15144
0.0566406 1.14726
0.0605469 1.14054
0.0644531 1.13578
0.0683594 1.13035
0.0722656 1.12612
0.0761719 1.12373
0.0800781 1.11773
0.0839844 1.1142
0.0878906 1.10972
0.0917969 1.1044
0.0957031 1.09772
0.0996094 1.09165
0.103516 1.08956
0.107422 1.0849
0.111328 1.08142
0.115234 1.07887
0.119141 1.07559
0.123047 1.07024
0.126953 1.06671
0.130859 1.06427
0.134766 1.06089
0.138672 1.0566
0.142578 1.05216
0.146484 1.05009
0.150391 1.04623
0.154297 1.04332
0.158203 1.04
0.162109 1.0375
0.166016 1.03257
0.169922 1.02758
0.173828 1.02367
0.177734 1.02116
0.181641 1.01884
0.185547 1.01663
0.189453 1.01342
0.193359 1.00905
0.197266 1.00625
0.201172 1.00384
0.205078 1.00058
0.208984 0.997917
0.212891 0.995954
0.216797 0.994517
0.220703 0.991963
0.224609 0.988034
0.228516 0.985165
0.232422 0.982207
0.236328 0.98074
0.240234 0.97891
0.244141 0.976243
0.248047 0.973316
0.251953 0.972181
0.255859 0.970934
0.259766 0.968849
0.263672 0.967141
0.267578 0.965408
0.271484 0.96414
0.275391 0.963421
0.279297 0.961913
0.283203 0.960516
0.287109 0.959054
0.291016 0.957352
0.294922 0.955479
0.298828 0.953728
0.302734 0.951505
0.306641 0.949268
0.310547 0.946666
0.314453 0.943212
0.318359 0.939607
0.322266 0.937597
0.326172 0.935628
0.330078 0.933852
0.333984 0.933035
0.337891 0.932406
0.341797 0.931557
0.345703 0.928481
0.349609 0.926434
0.353516 0.925611
0.357422 0.925158
0.361328 0.92311
0.365234 0.920482
0.369141 0.91953
0.373047 0.918002
0.376953 0.916909
0.380859 0.91652
0.384766 0.915288
0.388672 0.913425
0.392578 0.912744
0.396484 0.912284
0.400391 0.91239
0.404297 0.912321
0.408203 0.911012
0.412109 0.910937
0.416016 0.91036
0.419922 0.910109
0.423828 0.910061
0.427734 0.909278
0.431641 0.908545
0.435547 0.907676
0.439453 0.907028
0.443359 0.905601
0.447266 0.903865
0.451172 0.903373
0.455078 0.901827
0.458984 0.90187
0.462891 0.900079
0.466797 0.899377
0.470703 0.899326
0.474609 0.899356
0.478516 0.898891
0.482422 0.896553
0.486328 0.896652
0.490234 0.896966
0.494141 0.896763
0.498047 0.896123
0.501953 0.896155
0.505859 0.897112
0.509766 0.896684
0.513672 0.89783
0.517578 0.898618
0.521484 0.898551
0.525391 0.898862
0.529297 0.898978
0.533203 0.89981
0.537109 0.901851
0.541016 0.902376
0.544922 0.902549
0.548828 0.902718
0.552734 0.902663
0.556641 0.902983
0.560547 0.902441
0.564453 0.902149
0.568359 0.902584
0.572266 0.903267
0.576172 0.904048
0.580078 0.904648
0.583984 0.904738
0.587891 0.90577
0.591797 0.906691
0.595703 0.907652
0.599609 0.908781
0.603516 0.909576
0.607422 0.910025
0.611328 0.910676
0.615234 0.912316
0.619141 0.913433
0.623047 0.915296
0.626953 0.917718
0.630859 0.917256
0.634766 0.917912
0.638672 0.918656
0.642578 0.920673
0.646484 0.921601
0.650391 0.921818
0.654297 0.924048
0.658203 0.926183
0.662109 0.92754
0.666016 0.92868
0.669922 0.927949
0.673828 0.927401
0.677734 0.929267
0.681641 0.930601
0.685547 0.933927
0.689453 0.937403
0.693359 0.938523
0.697266 0.940292
0.701172 0.942539
0.705078 0.945502
0.708984 0.946662
0.712891 0.948508
0.716797 0.950414
0.720703 0.951521
0.724609 0.953274
0.728516 0.956168
0.732422 0.958336
0.736328 0.960369
0.740234 0.962254
0.744141 0.965615
0.748047 0.968949
0.751953 0.971689
0.755859 0.974649
0.759766 0.976348
0.763672 0.976506
0.767578 0.978003
0.771484 0.981731
0.775391 0.985949
0.779297 0.990086
0.783203 0.991993
0.787109 0.994752
0.791016 0.996577
0.794922 0.999448
0.798828 1.00227
0.802734 1.00352
0.806641 1.00593
0.810547 1.01022
0.814453 1.01219
0.818359 1.01408
0.822266 1.01751
0.826172 1.02055
0.830078 1.02384
0.833984 1.02832
0.837891 1.03182
0.841797 1.03418
0.845703 1.03791
0.849609 1.04174
0.853516 1.04476
0.857422 1.04939
0.861328 1.05447
0.865234 1.05777
0.869141 1.06072
0.873047 1.06473
0.876953 1.07037
0.880859 1.0745
0.884766 1.07993
0.888672 1.08236
0.892578 1.08519
0.896484 1.09002
0.900391 1.09506
0.904297 1.09889
0.908203 1.10155
0.912109 1.10423
0.916016 1.10755
0.919922 1.11169
0.923828 1.11466
0.927734 1.11703
0.931641 1.12099
0.935547 1.1276
0.939453 1.13304
0.943359 1.13672
0.947266 1.14306
0.951172 1.14975
0.955078 1.15755
0.958984 1.1642
0.962891 1.16826
0.966797 1.17319
0.970703 1.1771
0.974609 1.18227
0.978516 1.18829
0.982422 1.19354
0.986328 1.19646
0.990234 1.20128
0.994141 1.20682
0.998047 1.21176
