0.00195312 1.20582
0.00585938 1.20111
0.00976562 1.19359
0.0136719 1.18731
0.0175781 1.18168
0.0214844 1.17611
0.0253906 1.17007
0.0292969 1.16595
0.0332031 1.15979
0.0371094 1.15422
0.0410156 1.14806
0.0449219 1.14237
0.0488281 1.13585
0.0527344 1.13155
0.0566406 1.12757
0.0605469 1.12329
0.0644531 1.11861
0.0683594 1.11421
0.0722656 1.11126
0.0761719 1.10925
0.0800781 1.10457
0.0839844 1.10017
0.0878906 1.09545
0.0917969 1.09221
0.0957031 1.08822
0.0996094 1.08522
0.103516 1.08153
0.107422 1.07626
0.111328 1.07106
0.115234 1.0672
0.119141 1.06321
0.123047 1.06
0.126953 1.05574
0.130859 1.05142
0.134766 1.04694
0.138672 1.04277
0.142578 1.03976
0.146484 1.03655
0.150391 1.03337
0.154297 1.02986
0.158203 1.02665
0.162109 1.02421
0.166016 1.02093
0.169922 1.01897
0.173828 1.01717
0.177734 1.01404
0.181641 1.01239
0.185547 1.00974
0.189453 1.00613
0.193359 1.00346
0.197266 1.00158
0.201172 0.999712
0.205078 0.997182
0.208984 0.99456
0.212891 0.992347
0.216797 0.990163
0.220703 0.988655
0.224609 0.986908
0.228516 0.984924
0.232422 0.982606
0.236328 0.981011
0.240234 0.977833
0.244141 0.975287
0.248047 0.973172
0.251953 0.971
0.255859 0.967757
0.259766 0.964774
0.263672 0.962245
0.267578 0.960464
0.271484 0.959099
0.275391 0.956191
0.279297 0.955408
0.283203 0.954234
0.287109 0.952163
0.291016 0.95104
0.294922 0.94945
0.298828 0.945641
0.302734 0.944657
0.306641 0.943228
0.310547 0.94061
0.314453 0.93768
0.318359 0.936718
0.322266 0.934857
0.326172 0.934166
0.330078 0.932935
0.333984 0.932663
0.337891 0.930937
0.341797 0.929557
0.345703 0.927519
0.349609 0.926188
0.353516 0.924349
0.357422 0.923039
0.361328 0.921205
0.365234 0.919281
0.369141 0.918385
0.373047 0.917804
0.376953 0.916231
0.380859 0.915486
0.384766 0.913471
0.388672 0.911975
0.392578 0.911479
0.396484 0.910647
0.400391 0.910205
0.404297 0.909348
0.408203 0.907842
0.412109 0.906933
0.416016 0.906422
0.419922 0.907277
0.423828 0.906649
0.427734 0.906308
0.431641 0.90637
0.435547 0.90562
0.439453 0.90517
0.443359 0.904913
0.447266 0.904105
0.451172 0.904206
0.455078 0.90385
0.458984 0.902797
0.462891 0.903307
0.466797 0.902326
0.470703 0.900859
0.474609 0.901257
0.478516 0.902304
0.482422 0.90358
0.486328 0.903354
0.490234 0.902831
0.494141 0.902405
0.498047 0.903773
0.501953 0.904888
0.505859 0.905678
0.509766 0.906171
0.513672 0.906138
0.517578 0.906154
0.521484 0.90608
0.525391 0.90666
0.529297 0.906186
0.533203 0.907072
0.537109 0.907617
0.541016 0.907946
0.544922 0.907815
0.548828 0.90765
0.552734 0.907346
0.556641 0.906608
0.560547 0.907019
0.564453 0.907577
0.568359 0.908451
0.572266 0.908223
0.576172 0.908034
0.580078 0.909115
0.583984 0.909916
0.587891 0.911227
0.591797 0.911538
0.595703 0.912354
0.599609 0.912547
0.603516 0.912787
0.607422 0.913261
0.611328 0.913572
0.615234 0.914278
0.619141 0.916133
0.623047 0.916827
0.626953 0.918103
0.630859 0.920002
0.634766 0.92269
0.638672 0.924704
0.642578 0.92533
0.646484 0.926437
0.650391 0.926983
0.654297 0.928108
0.658203 0.929122
0.662109 0.929575
0.666016 0.931524
0.669922 0.933452
0.673828 0.936064
0.677734 0.936618
0.681641 0.937893
0.685547 0.940864
0.689453 0.943497
0.693359 0.945753
0.697266 0.947932
0.701172 0.948755
0.705078 0.950088
0.708984 0.951569
0.712891 0.954259
0.716797 0.956653
0.720703 0.959491
0.724609 0.962888
0.728516 0.965196
0.732422 0.966114
0.736328 0.967455
0.740234 0.970432
0.744141 0.973675
0.748047 0.97533
0.751953 0.977279
0.755859 0.980397
0.759766 0.982079
0.763672 0.98451
0.767578 0.987133
0.771484 0.989689
0.775391 0.992348
0.779297 0.995839
0.783203 0.998572
0.787109 1.00084
0.791016 1.00296
0.794922 1.00572
0.798828 1.0082
0.802734 1.0103
0.806641 1.01317
0.810547 1.01635
0.814453 1.01748
0.818359 1.01974
0.822266 1.02373
0.826172 1.02625
0.830078 1.03052
0.833984 1.03233
0.837891 1.03558
0.841797 1.03941
0.845703 1.0434
0.849609 1.0474
0.853516 1.05236
0.857422 1.05576
0.861328 1.05942
0.865234 1.06386
0.869141 1.06802
0.873047 1.07056
0.876953 1.07414
0.880859 1.07752
0.884766 1.08156
0.888672 1.08403
0.892578 1.0861
0.896484 1.08914
0.900391 1.09368
0.904297 1.09867
0.908203 1.10288
0.912109 1.10779
0.916016 1.11258
0.919922 1.11828
0.923828 1.12448
0.927734 1.12857
0.931641 1.13485
0.935547 1.14011
0.939453 1.14299
0.943359 1.14753
0.947266 1.15236
0.951172 1.15849
0.955078 1.16342
0.958984 1.16929
0.962891 1.17346
0.966797 1.17878
0.970703 1.18518
0.974609 1.19243
0.978516 1.19776
0.982422 1.20112
0.986328 1.20664
0.990234 1.21384
0.994141 1.22026
0.998047 1.22405
