0.00195312 1.21084
0.00585938 1.20515
0.00976562 1.19995
0.0136719 1.19543
0.0175781 1.18918
0.0214844 1.18636
0.0253906 1.18107
0.0292969 1.17548
0.0332031 1.16981
0.0371094 1.16397
0.0410156 1.15879
0.0449219 1.15382
0.0488281 1.15028
0.0527344 1.14575
0.0566406 1.14046
0.0605469 1.13659
0.0644531 1.13221
0.0683594 1.12806
0.0722656 1.12285
0.0761719 1.11723
0.0800781 1.11261
0.0839844 1.10783
0.0878906 1.10516
0.0917969 1.10284
0.0957031 1.0984
0.0996094 1.09291
0.103516 1.08872
0.107422 1.08353
0.111328 1.07954
0.115234 1.07406
0.119141 1.071
0.123047 1.06912
0.126953 1.06736
0.130859 1.06438
0.134766 1.05972
0.138672 1.05534
0.142578 1.05113
0.146484 1.04647
0.150391 1.04336
0.154297 1.04082
0.158203 1.03732
0.162109 1.03379
0.166016 1.03134
0.169922 1.02755
0.173828 1.02425
0.177734 1.02206
0.181641 1.01847
0.185547 1.01725
0.189453 1.01556
0.193359 1.01236
0.197266 1.0102
0.201172 1.00721
0.205078 1.00309
0.208984 1.00066
0.212891 0.99926
0.216797 0.994079
0.220703 0.989729
0.224609 0.986567
0.228516 0.982442
0.232422 0.979882
0.236328 0.978717
0.240234 0.976339
0.244141 0.974743
0.248047 0.97313
0.251953 0.971061
0.255859 0.967639
0.259766 0.965592
0.263672 0.96306
0.267578 0.960027
0.271484 0.958222
0.275391 0.957118
0.279297 0.955834
0.283203 0.955495
0.287109 0.953353
0.291016 0.950361
0.294922 0.94782
0.298828 0.946064
0.302734 0.944871
0.306641 0.943176
0.310547 0.941304
0.314453 0.938617
0.318359 0.938595
0.322266 0.935795
0.326172 0.934368
0.330078 0.933381
0.333984 0.931945
0.337891 0.930296
0.341797 0.930151
0.345703 0.929092
0.349609 0.928184
0.353516 0.927203
0.357422 0.926663
0.361328 0.924234
0.365234 0.923028
0.369141 0.922343
0.373047 0.921035
0.376953 0.920922
0.380859 0.920454
0.384766 0.919722
0.388672 0.919347
0.392578 0.918167
0.396484 0.916381
0.400391 0.916159
0.404297 0.915767
0.408203 0.913617
0.412109 0.912941
0.416016 0.912573
0.419922 0.912352
0.423828 0.911974
0.427734 0.910829
0.431641 0.90809
0.435547 0.906667
0.439453 0.905942
0.443359 0.904722
0.447266 0.903705
0.451172 0.903939
0.455078 0.904027
0.458984 0.902959
0.462891 0.901874
0.466797 0.901224
0.470703 0.901846
0.474609 0.90137
0.478516 0.901112
0.482422 0.90133
0.486328 0.901163
0.490234 0.900242
0.494141 0.899335
0.498047 0.900134
0.501953 0.900813
0.505859 0.900299
0.509766 0.89995
0.513672 0.900488
0.517578 0.900633
0.521484 0.901482
0.525391 0.900704
0.529297 0.899909
0.533203 0.899606
0.537109 0.899976
0.541016 0.900368
0.544922 0.899752
0.548828 0.899847
0.552734 0.900071
0.556641 0.900457
0.560547 0.902493
0.564453 0.903582
0.568359 0.904301
0.572266 0.905577
0.576172 0.905918
0.580078 0.906506
0.583984 0.907605
0.587891 0.907872
0.591797 0.907754
0.595703 0.907806
0.599609 0.907891
0.603516 0.909699
0.607422 0.910846
0.611328 0.91197
0.615234 0.91189
0.619141 0.91349
0.623047 0.915499
0.626953 0.916345
0.630859 0.91887
0.634766 0.920765
0.638672 0.921565
0.642578 0.923521
0.646484 0.925077
0.650391 0.925732
0.654297 0.924691
0.658203 0.925542
0.662109 0.927526
0.666016 0.929189
0.669922 0.930735
0.673828 0.931383
0.677734 0.932429
0.681641 0.934911
0.685547 0.936382
0.689453 0.937326
0.693359 0.937733
0.697266 0.938884
0.701172 0.939619
0.705078 0.941315
0.708984 0.942457
0.712891 0.945314
0.716797 0.946951
0.720703 0.948979
0.724609 0.952471
0.728516 0.954747
0.732422 0.956653
0.736328 0.960272
0.740234 0.961947
0.744141 0.963641
0.748047 0.965779
0.751953 0.96748
0.755859 0.969537
0.759766 0.973282
0.763672 0.975835
0.767578 0.979207
0.771484 0.983537
0.775391 0.986479
0.779297 0.989564
0.783203 0.992239
0.787109 0.995836
0.791016 0.998744
0.794922 1.00187
0.798828 1.00477
0.802734 1.00863
0.806641 1.00995
0.810547 1.01315
0.814453 1.01691
0.818359 1.0193
0.822266 1.02206
0.826172 1.02518
0.830078 1.0279
0.833984 1.0302
0.837891 1.0341
0.841797 1.03864
0.845703 1.04277
0.849609 1.04516
0.853516 1.04804
0.857422 1.05161
0.861328 1.05521
0.865234 1.05644
0.869141 1.06042
0.873047 1.06367
0.876953 1.06828
0.880859 1.07348
0.884766 1.07633
0.888672 1.07984
0.892578 1.08377
0.896484 1.08715
0.900391 1.09251
0.904297 1.09628
0.908203 1.09934
0.912109 1.10576
0.916016 1.10984
0.919922 1.11365
0.923828 1.11888
0.927734 1.12236
0.931641 1.12753
0.935547 1.13436
0.939453 1.13927
0.943359 1.14425
0.947266 1.1482
0.951172 1.15473
0.955078 1.16008
0.958984 1.16529
0.962891 1.17081
0.966797 1.17625
0.970703 1.18062
0.974609 1.18587
0.978516 1.19143
0.982422 1.19583
0.986328 1.20247
0.990234 1.20858
0.994141 1.21487
0.998047 1.22017
