0.00195312 1.22124
0.00585938 1.21546
0.00976562 1.21093
0.0136719 1.20351
0.0175781 1.19848
0.0214844 1.19247
0.0253906 1.18603
0.0292969 1.18202
0.0332031 1.17609
0.0371094 1.17251
0.0410156 1.16752
0.0449219 1.16394
0.0488281 1.15848
0.0527344 1.1518
0.0566406 1.14693
0.0605469 1.14282
0.0644531 1.13898
0.0683594 1.13477
0.0722656 1.12921
0.0761719 1.12486
0.0800781 1.11977
0.0839844 1.11384
0.0878906 1.10875
0.0917969 1.10291
0.0957031 1.09826
0.0996094 1.09444
0.103516 1.08909
0.107422 1.08432
0.111328 1.08008
0.115234 1.07337
0.119141 1.06954
0.123047 1.0677
0.126953 1.06432
0.130859 1.06106
0.134766 1.05677
0.138672 1.0523
0.142578 1.05027
0.146484 1.04584
0.150391 1.04185
0.154297 1.03668
0.158203 1.03386
0.162109 1.03064
0.166016 1.02559
0.169922 1.02289
0.173828 1.01918
0.177734 1.0159
0.181641 1.01309
0.185547 1.01059
0.189453 1.0077
0.193359 1.00359
0.197266 0.999753
0.201172 0.996628
0.205078 0.994708
0.208984 0.992366
0.212891 0.988701
0.216797 0.986305
0.220703 0.983719
0.224609 0.980977
0.228516 0.977793
0.232422 0.975
0.236328 0.97177
0.240234 0.969789
0.244141 0.967775
0.248047 0.965227
0.251953 0.962542
0.255859 0.958629
0.259766 0.95611
0.263672 0.955847
0.267578 0.954521
0.271484 0.952351
0.275391 0.949147
0.279297 0.946067
0.283203 0.944932
0.287109 0.942671
0.291016 0.941916
0.294922 0.941054
0.298828 0.939567
0.302734 0.938107
0.306641 0.93612
0.310547 0.934972
0.314453 0.933355
0.318359 0.929996
0.322266 0.928081
0.326172 0.927437
0.330078 0.926682
0.333984 0.926567
0.337891 0.925507
0.341797 0.925361
0.345703 0.922681
0.349609 0.921091
0.353516 0.91811
0.357422 0.917838
0.361328 0.91774
0.365234 0.917366
0.369141 0.916748
0.373047 0.915786
0.376953 0.915281
0.380859 0.915131
0.384766 0.914864
0.388672 0.913518
0.392578 0.912123
0.396484 0.910883
0.400391 0.909632
0.404297 0.907502
0.408203 0.907122
0.412109 0.906494
0.416016 0.904934
0.419922 0.904658
0.423828 0.903475
0.427734 0.901285
0.431641 0.900016
0.435547 0.901205
0.439453 0.902135
0.443359 0.901503
0.447266 0.900544
0.451172 0.899667
0.455078 0.898112
0.458984 0.896968
0.462891 0.898757
0.466797 0.898085
0.470703 0.897917
0.474609 0.898709
0.478516 0.897529
0.482422 0.896869
0.486328 0.896337
0.490234 0.896348
0.494141 0.896312
0.498047 0.895799
0.501953 0.896118
0.505859 0.897245
0.509766 0.898046
0.513672 0.897333
0.517578 0.898054
0.521484 0.898487
0.525391 0.89687
0.529297 0.896944
0.533203 0.899146
0.537109 0.901568
0.541016 0.902781
0.544922 0.904158
0.548828 0.903893
0.552734 0.904002
0.556641 0.905796
0.560547 0.907123
0.564453 0.9088
0.568359 0.90967
0.572266 0.909385
0.576172 0.910393
0.580078 0.909839
0.583984 0.909788
0.587891 0.910812
0.591797 0.911429
0.595703 0.911811
0.599609 0.912654
0.603516 0.913403
0.607422 0.913709
0.611328 0.913523
0.615234 0.913954
0.619141 0.915103
0.623047 0.916451
0.626953 0.918554
0.630859 0.91913
0.634766 0.920054
0.638672 0.920366
0.642578 0.921661
0.646484 0.922265
0.650391 0.922905
0.654297 0.923596
0.658203 0.92575
0.662109 0.928284
0.666016 0.930111
0.669922 0.930791
0.673828 0.930999
0.677734 0.933216
0.681641 0.935261
0.685547 0.938012
0.689453 0.941057
0.693359 0.944071
0.697266 0.945064
0.701172 0.946495
0.705078 0.947701
0.708984 0.95102
0.712891 0.952068
0.716797 0.952674
0.720703 0.954678
0.724609 0.955408
0.728516 0.958169
0.732422 0.960124
0.736328 0.962511
0.740234 0.964382
0.744141 0.967563
0.748047 0.970051
0.751953 0.973491
0.755859 0.975263
0.759766 0.979776
0.763672 0.981524
0.767578 0.98419
0.771484 0.987651
0.775391 0.991786
0.779297 0.995108
0.783203 0.997933
0.787109 0.999521
0.791016 1.00252
0.794922 1.00645
0.798828 1.00935
0.802734 1.01219
0.806641 1.01457
0.810547 1.01662
0.814453 1.01917
0.818359 1.02226
0.822266 1.02469
0.826172 1.02585
0.830078 1.02913
0.833984 1.03202
0.837891 1.03508
0.841797 1.03958
0.845703 1.04214
0.849609 1.0459
0.853516 1.04907
0.857422 1.05206
0.861328 1.05501
0.865234 1.05897
0.869141 1.06188
0.873047 1.06531
0.876953 1.07014
0.880859 1.07592
0.884766 1.07984
0.888672 1.08235
0.892578 1.08727
0.896484 1.09122
0.900391 1.09545
0.904297 1.09996
0.908203 1.10461
0.912109 1.10822
0.916016 1.11217
0.919922 1.11904
0.923828 1.12504
0.927734 1.12976
0.931641 1.13618
0.935547 1.14261
0.939453 1.14781
0.943359 1.15281
0.947266 1.15722
0.951172 1.16215
0.955078 1.16666
0.958984 1.17158
0.962891 1.17731
0.966797 1.18263
0.970703 1.18761
0.974609 1.1928
0.978516 1.19841
0.982422 1.20412
0.986328 1.20993
0.990234 1.21598
0.994141 1.22057
0.998047 1.22695
